0 0.152655 0.208965 0.057522 0.060577
0 0.289823 0.189212 0.054572 0.068479
0 0.324484 0.237937 0.050147 0.071113
0 0.377581 0.226085 0.061947 0.089549
0 0.418879 0.208965 0.044248 0.065845
0 0.475664 0.276127 0.060472 0.089549
0 0.676991 0.114149 0.067847 0.092183
0 0.792773 0.122050 0.075221 0.102718
1 0.788348 0.365676 0.146018 0.300253
1 0.662242 0.336705 0.135693 0.289718
1 0.491888 0.480247 0.125369 0.276549
1 0.372419 0.473662 0.119469 0.316056
1 0.306047 0.447324 0.089971 0.273915
1 0.271386 0.368310 0.106195 0.221239
1 0.135693 0.376212 0.129794 0.215971
1 0.425516 0.332754 0.075221 0.150126
2 0.141593 0.561894 0.091445 0.192267
2 0.289823 0.576380 0.081121 0.173831
2 0.393805 0.725190 0.126844 0.208070
2 0.489676 0.683049 0.132743 0.134324
2 0.675516 0.573746 0.115044 0.215971
2 0.802360 0.621155 0.138643 0.263380
3 0.142330 0.722556 0.087021 0.176464
3 0.290560 0.726507 0.094395 0.215971
3 0.389381 0.879267 0.123894 0.194901
3 0.477876 0.818689 0.106195 0.179098
3 0.682153 0.734408 0.101770 0.189633
3 0.815634 0.893753 0.194690 0.107986