0 0.145280 0.447324 0.042773 0.047408
0 0.146018 0.409134 0.023599 0.039507
0 0.202065 0.438106 0.020649 0.039507
0 0.225664 0.420986 0.023599 0.047408
0 0.258112 0.386747 0.038348 0.063211
0 0.388643 0.411768 0.033923 0.055310
0 0.466814 0.420986 0.048673 0.079014
0 0.533923 0.409134 0.061947 0.092183
1 0.134218 0.543458 0.079646 0.176464
1 0.199853 0.503951 0.030973 0.081648
1 0.379056 0.552676 0.079646 0.173831
1 0.462389 0.551359 0.072271 0.129056
1 0.248525 0.577697 0.110619 0.255478
1 0.303097 0.502634 0.051622 0.168563
1 0.530236 0.630373 0.178466 0.287084
2 0.130531 0.690950 0.072271 0.107986
2 0.253687 0.806837 0.070796 0.165929
2 0.381268 0.734408 0.078171 0.147493
2 0.536873 0.883217 0.117994 0.202802
2 0.452802 0.780499 0.050147 0.266013
2 0.305310 0.697535 0.029499 0.163295
2 0.188053 0.617204 0.019174 0.107986
3 0.124631 0.788401 0.057522 0.071113
3 0.206490 0.750211 0.029499 0.052676
3 0.301622 0.806837 0.028024 0.055310
3 0.251475 0.950169 0.098820 0.099662
3 0.377581 0.856879 0.058997 0.086915
3 0.446903 0.950379 0.061947 0.089549
3 0.187316 0.700169 0.014749 0.052676