0 0.659292 0.302739 0.079646 0.128552
0 0.810472 0.152022 0.092920 0.141851
0 0.959440 0.034552 0.054572 0.062060
0 0.852507 0.033444 0.044248 0.037679
0 0.916667 0.122101 0.051622 0.055410
0 0.728614 0.089962 0.044248 0.044328
0 0.679204 0.093287 0.036873 0.028813
0 0.533923 0.147589 0.126844 0.137418
0 0.349558 0.287224 0.097345 0.137418
0 0.074484 0.139832 0.148968 0.095306
0 0.321534 0.107694 0.079646 0.084224
1 0.957227 0.179727 0.085546 0.197261
1 0.797935 0.277250 0.162242 0.152933
1 0.824484 0.422425 0.256637 0.261537
1 0.586283 0.415776 0.137168 0.168448
1 0.480826 0.417992 0.106195 0.372358
1 0.334071 0.447914 0.143068 0.246023
1 0.297935 0.263951 0.162242 0.206127
1 0.043510 0.308280 0.087020 0.237157
2 0.319322 0.688396 0.193215 0.363493
2 0.471239 0.731616 0.125369 0.290351
2 0.612832 0.620795 0.075221 0.272620
2 0.859145 0.702802 0.249263 0.383441
2 0.771386 0.650717 0.185841 0.217209
2 0.968289 0.339310 0.054572 0.166231
2 0.026549 0.555410 0.053097 0.252672
2 0.243363 0.458996 0.044248 0.144067
3 0.703540 0.898955 0.094395 0.070925
3 0.268437 0.850194 0.061947 0.057627